2.967059728390000206e+00,1.005560631525549420e+00,-7.126569427015463365e-01,1.653589852908526225e+00,2.923426497089999909e+00
2.967059728390000206e+00,9.959941139979167080e-01,-6.870979638882058760e-01,1.637164552430926623e+00,2.923426497089999909e+00
2.967059728390000206e+00,9.924478739346831446e-01,-6.834598821000175128e-01,1.637056075307563585e+00,2.923426497089999909e+00
2.967059728390000206e+00,9.891066123640380736e-01,-6.806487963960606846e-01,1.637585613729932277e+00,2.923426497089999909e+00
2.967059728390000206e+00,9.857697583245548234e-01,-6.778780150036388674e-01,1.638151644595223777e+00,2.923426497089999909e+00
2.967059728390000206e+00,9.824300451423921832e-01,-6.751184977973651025e-01,1.638731820795516603e+00,2.923426497089999909e+00
2.967059728390000206e+00,9.790871838164880714e-01,-6.723691818010854027e-01,1.639325347160395019e+00,2.923426497089999909e+00
2.967059728390000206e+00,9.757411391603482143e-01,-6.696300332114883958e-01,1.639932224291560381e+00,2.923426497089999909e+00
2.967059728390000206e+00,9.723918854332607165e-01,-6.669010562848237678e-01,1.640552482155100744e+00,2.923426497089999909e+00
2.967059728390000206e+00,9.690393974944705446e-01,-6.641822570486177746e-01,1.641186151915929869e+00,2.923426497089999909e+00
2.967059728390000206e+00,9.656836504870767168e-01,-6.614736419764842834e-01,1.641833264902228695e+00,2.923426497089999909e+00
2.967059728390000206e+00,9.623246198294402864e-01,-6.587752179373519423e-01,1.642493852562301404e+00,2.923426497089999909e+00
2.967059728390000206e+00,9.589622812176933353e-01,-6.560869921909487923e-01,1.643167946457517514e+00,2.923426497089999909e+00
2.967059728390000206e+00,9.555966106287121509e-01,-6.534089723849774156e-01,1.643855578256511407e+00,2.923426497089999909e+00
2.967059728390000206e+00,9.522275843231770009e-01,-6.507411665523595845e-01,1.644556779729368312e+00,2.923426497089999909e+00
2.967059728390000206e+00,9.488551788487041838e-01,-6.480835831085032250e-01,1.645271582741758776e+00,2.923426497089999909e+00
2.967059728390000206e+00,9.454793710430480225e-01,-6.454362308485739330e-01,1.646000019249009849e+00,2.923426497089999909e+00
2.967059728390000206e+00,9.421001380373739131e-01,-6.427991189447862519e-01,1.646742121290122318e+00,2.923426497089999909e+00
2.967059728390000206e+00,9.387174572596048705e-01,-6.401722569436977262e-01,1.647497920981719766e+00,2.923426497089999909e+00
2.967059728390000206e+00,9.353313064378326880e-01,-6.375556547635157223e-01,1.648267450511944121e+00,2.923426497089999909e+00
2.967059728390000206e+00,9.319416636038071466e-01,-6.349493226914130206e-01,1.649050742134282377e+00,2.923426497089999909e+00
2.967059728390000206e+00,9.285485070964875076e-01,-6.323532713808466266e-01,1.649847828161334906e+00,2.923426497089999909e+00
2.967059728390000206e+00,9.251518155656700548e-01,-6.297675118488861301e-01,1.650658740958515613e+00,2.923426497089999909e+00
2.967059728390000206e+00,9.217515679756810298e-01,-6.271920554735416209e-01,1.651483512937688802e+00,2.923426497089999909e+00
2.967059728390000206e+00,9.183477436091400659e-01,-6.246269139911013735e-01,1.652322176550742983e+00,2.923426497089999909e+00
2.967059728390000206e+00,9.149403220707933437e-01,-6.220720994934675341e-01,1.653174764283094289e+00,2.923426497089999909e+00
2.967059728390000206e+00,9.115292832914136945e-01,-6.195276244254931397e-01,1.654041308647123953e+00,2.923426497089999909e+00
2.967059728390000206e+00,9.081146075317695354e-01,-6.169935015823232449e-01,1.654921842175550495e+00,2.923426497089999909e+00
2.967059728390000206e+00,9.046962753866630846e-01,-6.144697441067303867e-01,1.655816397414727748e+00,2.923426497089999909e+00
2.967059728390000206e+00,9.012742677890320797e-01,-6.119563654864522695e-01,1.656725006917881382e+00,2.923426497089999909e+00
2.967059728390000206e+00,8.978485660141239943e-01,-6.094533795515233443e-01,1.657647703238267933e+00,2.923426497089999909e+00
2.967059728390000206e+00,8.944191516837316502e-01,-6.069608004716069427e-01,1.658584518922269657e+00,2.923426497089999909e+00
2.967059728390000206e+00,8.909860067704991060e-01,-6.044786427533169748e-01,1.659535486502412560e+00,2.923426497089999909e+00
2.967059728390000206e+00,8.875491136022903849e-01,-6.020069212375407375e-01,1.660500638490320480e+00,2.923426497089999909e+00
2.967059728390000206e+00,8.841084548666243714e-01,-5.995456510967455133e-01,1.661480007369587231e+00,2.923426497089999909e+00
2.967059728390000206e+00,8.806640136151757670e-01,-5.970948478322903874e-01,1.662473625588588355e+00,2.923426497089999909e+00
2.967059728390000206e+00,8.772157732683385500e-01,-5.946545272717144170e-01,1.663481525553206941e+00,2.923426497089999909e+00
2.967059728390000206e+00,8.737637176198534972e-01,-5.922247055660290194e-01,1.664503739619497491e+00,2.923426497089999909e+00
2.967059728390000206e+00,8.703078308414993192e-01,-5.898053991869899315e-01,1.665540300086268966e+00,2.923426497089999909e+00
2.967059728390000206e+00,8.668480974878453038e-01,-5.873966249243631754e-01,1.666591239187597662e+00,2.923426497089999909e+00
2.967059728390000206e+00,8.633845025010675744e-01,-5.849983998831748133e-01,1.667656589085261709e+00,2.923426497089999909e+00
2.967059728390000206e+00,8.599170312158240792e-01,-5.826107414809501561e-01,1.668736381861106288e+00,2.923426497089999909e+00
2.967059728390000206e+00,8.564456693641925300e-01,-5.802336674449394271e-01,1.669830649509330911e+00,2.923426497089999909e+00
2.967059728390000206e+00,8.529704030806661841e-01,-5.778671958093229977e-01,1.670939423928701206e+00,2.923426497089999909e+00
2.967059728390000206e+00,8.494912189072107989e-01,-5.755113449124072966e-01,1.672062736914685876e+00,2.923426497089999909e+00
2.967059728390000206e+00,8.460081037983763208e-01,-5.731661333937986269e-01,1.673200620151521933e+00,2.923426497089999909e+00
2.967059728390000206e+00,8.425210451264704137e-01,-5.708315801915625487e-01,1.674353105204199998e+00,2.923426497089999909e+00
2.967059728390000206e+00,8.390300306867856106e-01,-5.685077045393613915e-01,1.675520223510375439e+00,2.923426497089999909e+00
2.967059728390000206e+00,8.355350487028833095e-01,-5.661945259635766670e-01,1.676702006372207343e+00,2.923426497089999909e+00
2.967059728390000206e+00,8.320360878319323916e-01,-5.638920642804057248e-01,1.677898484948117108e+00,2.923426497089999909e+00
2.967059728390000206e+00,8.285331371701017966e-01,-5.616003395929417552e-01,1.679109690244477093e+00,2.923426497089999909e+00
2.967059728390000206e+00,8.250261862580055006e-01,-5.593193722882304764e-01,1.680335653107221328e+00,2.923426497089999909e+00
2.967059728390000206e+00,8.215152250862006733e-01,-5.570491830343012873e-01,1.681576404213381171e+00,2.923426497089999909e+00
2.967059728390000206e+00,8.180002441007365732e-01,-5.547897927771799909e-01,1.682831974062548142e+00,2.923426497089999909e+00
2.967059728390000206e+00,8.144812342087508483e-01,-5.525412227378719843e-01,1.684102392968262585e+00,2.923426497089999909e+00
2.967059728390000206e+00,8.109581867841179070e-01,-5.503034944093241343e-01,1.685387691049326175e+00,2.923426497089999909e+00
2.967059728390000206e+00,8.074310936731422528e-01,-5.480766295533583410e-01,1.686687898221044479e+00,2.923426497089999909e+00
2.967059728390000206e+00,8.038999472003000024e-01,-5.458606501975796776e-01,1.688003044186392687e+00,2.923426497089999909e+00
2.967059728390000206e+00,8.003647401740235923e-01,-5.436555786322567752e-01,1.689333158427112958e+00,2.923426497089999909e+00
2.967059728390000206e+00,7.968254658925318923e-01,-5.414614374071732295e-01,1.690678270194734933e+00,2.923426497089999909e+00
2.967059728390000206e+00,7.932821181497018426e-01,-5.392782493284523637e-01,1.692038408501531865e+00,2.923426497089999909e+00
2.967059728390000206e+00,7.897346912409818342e-01,-5.371060374553496830e-01,1.693413602111395910e+00,2.923426497089999909e+00
2.967059728390000206e+00,7.861831799693431710e-01,-5.349448250970181284e-01,1.694803879530657031e+00,2.923426497089999909e+00
2.967059728390000206e+00,7.826275796512728311e-01,-5.327946358092382484e-01,1.696209268998818631e+00,2.923426497089999909e+00
2.967059728390000206e+00,7.790678861227997576e-01,-5.306554933911225014e-01,1.697629798479235452e+00,2.923426497089999909e+00
2.967059728390000206e+00,7.755040957455577866e-01,-5.285274218817811454e-01,1.699065495649718427e+00,2.923426497089999909e+00
2.967059728390000206e+00,7.719362054128817707e-01,-5.264104455569608154e-01,1.700516387893076686e+00,2.923426497089999909e+00
2.967059728390000206e+00,7.683642125559368985e-01,-5.243045889256452430e-01,1.701982502287589627e+00,2.923426497089999909e+00
2.967059728390000206e+00,7.647881151498769903e-01,-5.222098767266256658e-01,1.703463865597420135e+00,2.923426497089999909e+00
2.967059728390000206e+00,7.612079117200306611e-01,-5.201263339250333795e-01,1.704960504262959420e+00,2.923426497089999909e+00
2.967059728390000206e+00,7.576236013481156828e-01,-5.180539857088386491e-01,1.706472444391114118e+00,2.923426497089999909e+00
2.967059728390000206e+00,7.540351836784788819e-01,-5.159928574853152039e-01,1.707999711745529670e+00,2.923426497089999909e+00
2.967059728390000206e+00,7.504426589243570200e-01,-5.139429748774644313e-01,1.709542331736755738e+00,2.923426497089999909e+00
2.967059728390000206e+00,7.468460278741585467e-01,-5.119043637204077069e-01,1.711100329412354348e+00,2.923426497089999909e+00
2.967059728390000206e+00,7.432452918977688894e-01,-5.098770500577372022e-01,1.712673729446947846e+00,2.923426497089999909e+00
2.967059728390000206e+00,7.396404529528666227e-01,-5.078610601378324985e-01,1.714262556132219784e+00,2.923426497089999909e+00
2.967059728390000206e+00,7.360315135912600670e-01,-5.058564204101346773e-01,1.715866833366850530e+00,2.923426497089999909e+00
2.967059728390000206e+00,7.324184769652337668e-01,-5.038631575213864400e-01,1.717486584646413572e+00,2.923426497089999909e+00
2.967059728390000206e+00,7.288013468339059608e-01,-5.018812983118301485e-01,1.719121833053214532e+00,2.923426497089999909e+00
2.967059728390000206e+00,7.251801275695967108e-01,-4.999108698113656213e-01,1.720772601246081557e+00,2.923426497089999909e+00
2.967059728390000206e+00,7.215548241641988048e-01,-4.979518992356711249e-01,1.722438911450115739e+00,2.923426497089999909e+00
2.967059728390000206e+00,7.179254422355563214e-01,-4.960044139822812892e-01,1.724120785446390469e+00,2.923426497089999909e+00
2.967059728390000206e+00,7.142919880338433058e-01,-4.940684416266260537e-01,1.725818244561611703e+00,2.923426497089999909e+00
2.967059728390000206e+00,7.106544684479384477e-01,-4.921440099180270367e-01,1.727531309657738934e+00,2.923426497089999909e+00
2.967059728390000206e+00,7.070128910118030907e-01,-4.902311467756537144e-01,1.729260001121565304e+00,2.923426497089999909e+00
2.967059728390000206e+00,7.033672639108466962e-01,-4.883298802844386333e-01,1.731004338854264857e+00,2.923426497089999909e+00
2.967059728390000206e+00,6.997175959882867557e-01,-4.864402386909498222e-01,1.732764342260907364e+00,2.923426497089999909e+00
2.967059728390000206e+00,6.960638967515004882e-01,-4.845622503992201291e-01,1.734540030239933861e+00,2.923426497089999909e+00
2.967059728390000206e+00,6.924061763783556644e-01,-4.826959439665369223e-01,1.736331421172616407e+00,2.923426497089999909e+00
2.967059728390000206e+00,6.887444457235317730e-01,-4.808413480991869937e-01,1.738138532912482104e+00,2.923426497089999909e+00
2.967059728390000206e+00,6.850787163248180933e-01,-4.789984916481609956e-01,1.739961382774718013e+00,2.923426497089999909e+00
2.967059728390000206e+00,6.814090004093894537e-01,-4.771674036048117462e-01,1.741799987525554316e+00,2.923426497089999909e+00
2.967059728390000206e+00,6.777353109000610054e-01,-4.753481130964735679e-01,1.743654363371628380e+00,2.923426497089999909e+00
2.967059728390000206e+00,6.740576614215085804e-01,-4.735406493820369378e-01,1.745524525949338601e+00,2.923426497089999909e+00
2.967059728390000206e+00,6.703760663064640690e-01,-4.717450418474778417e-01,1.747410490314178722e+00,2.923426497089999909e+00
2.967059728390000206e+00,6.666905406018724944e-01,-4.699613200013493253e-01,1.749312270930071023e+00,2.923426497089999909e+00
2.967059728390000206e+00,6.630011000750146710e-01,-4.681895134702244166e-01,1.751229881658685761e+00,2.923426497089999909e+00
2.967059728390000206e+00,6.593077612195880066e-01,-4.664296519940993035e-01,1.753163335748765483e+00,2.923426497089999909e+00
2.967059728390000206e+00,6.556105412617448946e-01,-4.646817654217529903e-01,1.755112645825442685e+00,2.923426497089999909e+00
0.000000000000000000e+00,0.000000000000000000e+00,0.000000000000000000e+00,0.000000000000000000e+00,0.000000000000000000e+00
