2.967059728390000206e+00,6.573478465252087233e-01,-4.869440081929563013e-01,1.776179049716035019e+00,2.923426497089999909e+00
2.967059728390000206e+00,6.591404289938129768e-01,-4.670695345327340320e-01,1.753990016719612299e+00,2.923426497089999909e+00
2.967059728390000206e+00,6.629292964973010349e-01,-4.682132098553012378e-01,1.751327296989270810e+00,2.923426497089999909e+00
2.967059728390000206e+00,6.666241273211773732e-01,-4.699639887360120838e-01,1.749382636307319050e+00,2.923426497089999909e+00
2.967059728390000206e+00,6.703107475617319233e-01,-4.717456798616851410e-01,1.747477664456724034e+00,2.923426497089999909e+00
2.967059728390000206e+00,6.739932713759123617e-01,-4.735398816970124436e-01,1.745589318627598363e+00,2.923426497089999909e+00
2.967059728390000206e+00,6.776718280474274270e-01,-4.753459579723186557e-01,1.743716815035637913e+00,2.923426497089999909e+00
2.967059728390000206e+00,6.813464078923271439e-01,-4.771638590883841569e-01,1.741860113162147616e+00,2.923426497089999909e+00
2.967059728390000206e+00,6.850169973519498745e-01,-4.789935550715737067e-01,1.740019196574315030e+00,2.923426497089999909e+00
2.967059728390000206e+00,6.886835834267865941e-01,-4.808350167249370588e-01,1.738194049076196235e+00,2.923426497089999909e+00
2.967059728390000206e+00,6.923461538134462190e-01,-4.826882150059515486e-01,1.736384653930734379e+00,2.923426497089999909e+00
2.967059728390000206e+00,6.960046969028829134e-01,-4.845531210101031161e-01,1.734590993844488782e+00,2.923426497089999909e+00
2.967059728390000206e+00,6.996592017741575242e-01,-4.864297059745306684e-01,1.732813050977500380e+00,2.923426497089999909e+00
2.967059728390000206e+00,7.033096581880305953e-01,-4.883179412822918897e-01,1.731050806953962073e+00,2.923426497089999909e+00
2.967059728390000206e+00,7.069560565805295127e-01,-4.902177984666063471e-01,1.729304242872894637e+00,2.923426497089999909e+00
2.967059728390000206e+00,7.105983880565009958e-01,-4.921292492150603493e-01,1.727573339318799972e+00,2.923426497089999909e+00
2.967059728390000206e+00,7.142366443831450473e-01,-4.940522653737661751e-01,1.725858076372284833e+00,2.923426497089999909e+00
2.967059728390000206e+00,7.178708179835382452e-01,-4.959868189514798908e-01,1.724158433620655906e+00,2.923426497089999909e+00
2.967059728390000206e+00,7.215009019301468207e-01,-4.979328821236816971e-01,1.722474390168487135e+00,2.923426497089999909e+00
2.967059728390000206e+00,7.251268899383350730e-01,-4.998904272366049839e-01,1.720805924648140639e+00,2.923426497089999909e+00
2.967059728390000206e+00,7.287487763598655688e-01,-5.018594268112352985e-01,1.719153015230264758e+00,2.923426497089999909e+00
2.967059728390000206e+00,7.323665561764026721e-01,-5.038398535472586870e-01,1.717515639634239033e+00,2.923426497089999909e+00
2.967059728390000206e+00,7.359802249930117446e-01,-5.058316803269756745e-01,1.715893775138590094e+00,2.923426497089999909e+00
2.967059728390000206e+00,7.395897790316666720e-01,-5.078348802191710032e-01,1.714287398591352485e+00,2.923426497089999909e+00
2.967059728390000206e+00,7.431952151247588345e-01,-5.098494264829429579e-01,1.712696486420389963e+00,2.923426497089999909e+00
2.967059728390000206e+00,7.467965307086175120e-01,-5.118752925714966651e-01,1.711121014643668836e+00,2.923426497089999909e+00
2.967059728390000206e+00,7.503937238170385049e-01,-5.139124521358935382e-01,1.709560958879478454e+00,2.923426497089999909e+00
2.967059728390000206e+00,7.539867930748268554e-01,-5.159608790287628644e-01,1.708016294356599740e+00,2.923426497089999909e+00
2.967059728390000206e+00,7.575757376913540009e-01,-5.180205473079771972e-01,1.706486995924425765e+00,2.923426497089999909e+00
2.967059728390000206e+00,7.611605574541301378e-01,-5.200914312402851181e-01,1.704973038063019919e+00,2.923426497089999909e+00
2.967059728390000206e+00,7.647412527224002332e-01,-5.221735053049109121e-01,1.703474394893121469e+00,2.923426497089999909e+00
2.967059728390000206e+00,7.683178244207560237e-01,-5.242667441971115005e-01,1.701991040186089821e+00,2.923426497089999909e+00
2.967059728390000206e+00,7.718902740327729939e-01,-5.263711228317028423e-01,1.700522947373795501e+00,2.923426497089999909e+00
2.967059728390000206e+00,7.754586035946757772e-01,-5.284866163465442579e-01,1.699070089558438301e+00,2.923426497089999909e+00
2.967059728390000206e+00,7.790228156890245392e-01,-5.306132001059898906e-01,1.697632439522313241e+00,2.923426497089999909e+00
2.967059728390000206e+00,7.825829134384336694e-01,-5.327508497043055291e-01,1.696209969737508594e+00,2.923426497089999909e+00
2.967059728390000206e+00,7.861389004993224461e-01,-5.348995409690474601e-01,1.694802652375535512e+00,2.923426497089999909e+00
2.967059728390000206e+00,7.896907810556940133e-01,-5.370592499644096796e-01,1.693410459316896155e+00,2.923426497089999909e+00
2.967059728390000206e+00,7.932385598129508830e-01,-5.392299529945382419e-01,1.692033362160581866e+00,2.923426497089999909e+00
2.967059728390000206e+00,7.967822419917461874e-01,-5.414116266068103034e-01,1.690671332233503854e+00,2.923426497089999909e+00
2.967059728390000206e+00,8.003218333218706793e-01,-5.436042475950810804e-01,1.689324340599851260e+00,2.923426497089999909e+00
2.967059728390000206e+00,8.038573400361802568e-01,-5.458077930029012759e-01,1.687992358070382837e+00,2.923426497089999909e+00
2.967059728390000206e+00,8.073887688645617899e-01,-5.480222401267003107e-01,1.686675355211644911e+00,2.923426497089999909e+00
2.967059728390000206e+00,8.109161270279420242e-01,-5.502475665189422438e-01,1.685373302355117842e+00,2.923426497089999909e+00
2.967059728390000206e+00,8.144394222323394494e-01,-5.524837499912479410e-01,1.684086169606288541e+00,2.923426497089999909e+00
2.967059728390000206e+00,8.179586626629596902e-01,-5.547307686174937080e-01,1.682813926853652164e+00,2.923426497089999909e+00
2.967059728390000206e+00,8.214738569783381905e-01,-5.569886007368745062e-01,1.681556543777635859e+00,2.923426497089999909e+00
2.967059728390000206e+00,8.249850143045279749e-01,-5.592572249569457421e-01,1.680313989859450352e+00,2.923426497089999909e+00
2.967059728390000206e+00,8.284921442293378124e-01,-5.615366201566354132e-01,1.679086234389866705e+00,2.923426497089999909e+00
2.967059728390000206e+00,8.319952567966173440e-01,-5.638267654892274994e-01,1.677873246477914693e+00,2.923426497089999909e+00
2.967059728390000206e+00,8.354943625005956109e-01,-5.661276403853251482e-01,1.676674995059507012e+00,2.923426497089999909e+00
2.967059728390000206e+00,8.389894722802686555e-01,-5.684392245557843282e-01,1.675491448905987335e+00,2.923426497089999909e+00
2.967059728390000206e+00,8.424805975138422998e-01,-5.707614979946270539e-01,1.674322576632600645e+00,2.923426497089999909e+00
2.967059728390000206e+00,8.459677500132258832e-01,-5.730944409819264118e-01,1.673168346706884968e+00,2.923426497089999909e+00
2.967059728390000206e+00,8.494509420185838433e-01,-5.754380340866769306e-01,1.672028727456991382e+00,2.923426497089999909e+00
2.967059728390000206e+00,8.529301861929400319e-01,-5.777922581696336435e-01,1.670903687079918765e+00,2.923426497089999909e+00
2.967059728390000206e+00,8.564054956168414279e-01,-5.801570943861382723e-01,1.669793193649677487e+00,2.923426497089999909e+00
2.967059728390000206e+00,8.598768837830768064e-01,-5.825325241889226513e-01,1.668697215125373390e+00,2.923426497089999909e+00
2.967059728390000206e+00,8.633443645914560260e-01,-5.849185293308890587e-01,1.667615719359211823e+00,2.923426497089999909e+00
2.967059728390000206e+00,8.668079523436464928e-01,-5.873150918678798904e-01,1.666548674104428862e+00,2.923426497089999909e+00
2.967059728390000206e+00,8.702676617380706858e-01,-5.897221941614222418e-01,1.665496047023141246e+00,2.923426497089999909e+00
2.967059728390000206e+00,8.737235078648651898e-01,-5.921398188814591679e-01,1.664457805694117720e+00,2.923426497089999909e+00
2.967059728390000206e+00,8.771755062008977921e-01,-5.945679490090671759e-01,1.663433917620480651e+00,2.923426497089999909e+00
2.967059728390000206e+00,8.806236726048509711e-01,-5.970065678391532904e-01,1.662424350237319937e+00,2.923426497089999909e+00
2.967059728390000206e+00,8.840680233123638931e-01,-5.994556589831430138e-01,1.661429070919240081e+00,2.923426497089999909e+00
2.967059728390000206e+00,8.875085749312423555e-01,-6.019152063716510792e-01,1.660448046987820891e+00,2.923426497089999909e+00
2.967059728390000206e+00,8.909453444367269048e-01,-6.043851942571443203e-01,1.659481245719013343e+00,2.923426497089999909e+00
2.967059728390000206e+00,8.943783491668312324e-01,-6.068656072165887760e-01,1.658528634350449060e+00,2.923426497089999909e+00
2.967059728390000206e+00,8.978076068177419655e-01,-6.093564301540879136e-01,1.657590180088678533e+00,2.923426497089999909e+00
2.967059728390000206e+00,9.012331354392839611e-01,-6.118576483035115254e-01,1.656665850116336047e+00,2.923426497089999909e+00
2.967059728390000206e+00,9.046549534304539897e-01,-6.143692472311165220e-01,1.655755611599226906e+00,2.923426497089999909e+00
2.967059728390000206e+00,9.080730795350181461e-01,-6.168912128381572879e-01,1.654859431693341820e+00,2.923426497089999909e+00
2.967059728390000206e+00,9.114875328371785379e-01,-6.194235313634941509e-01,1.653977277551797798e+00,2.923426497089999909e+00
2.967059728390000206e+00,9.148983327573056989e-01,-6.219661893861885282e-01,1.653109116331702655e+00,2.923426497089999909e+00
2.967059728390000206e+00,9.183054990477386159e-01,-6.245191738281008487e-01,1.652254915200953356e+00,2.923426497089999909e+00
2.967059728390000206e+00,9.217090517886538104e-01,-6.270824719564804806e-01,1.651414641344956413e+00,2.923426497089999909e+00
2.967059728390000206e+00,9.251090113840031437e-01,-6.296560713865522185e-01,1.650588261973278348e+00,2.923426497089999909e+00
2.967059728390000206e+00,9.285053985575184576e-01,-6.322399600841037692e-01,1.649775744326228200e+00,2.923426497089999909e+00
2.967059728390000206e+00,9.318982343487864917e-01,-6.348341263680684632e-01,1.648977055681365655e+00,2.923426497089999909e+00
2.967059728390000206e+00,9.352875401093939667e-01,-6.374385589131114083e-01,1.648192163359945006e+00,2.923426497089999909e+00
2.967059728390000206e+00,9.386733374991402812e-01,-6.400532467522153102e-01,1.647421034733284051e+00,2.923426497089999909e+00
2.967059728390000206e+00,9.420556484823228161e-01,-6.426781792792669590e-01,1.646663637229070609e+00,2.923426497089999909e+00
2.967059728390000206e+00,9.454344953240887417e-01,-6.453133462516489338e-01,1.645919938337600419e+00,2.923426497089999909e+00
2.967059728390000206e+00,9.488099005868618763e-01,-6.479587377928356373e-01,1.645189905617946646e+00,2.923426497089999909e+00
2.967059728390000206e+00,9.521818871268337148e-01,-6.506143443949912175e-01,1.644473506704068555e+00,2.923426497089999909e+00
2.967059728390000206e+00,9.555504780905329509e-01,-6.532801569215778148e-01,1.643770709310848899e+00,2.923426497089999909e+00
2.967059728390000206e+00,9.589156969114597251e-01,-6.559561666099689159e-01,1.643081481240075359e+00,2.923426497089999909e+00
2.967059728390000206e+00,9.622775673067933688e-01,-6.586423650740708124e-01,1.642405790386353148e+00,2.923426497089999909e+00
2.967059728390000206e+00,9.656361132741720921e-01,-6.613387443069542737e-01,1.641743604742958329e+00,2.923426497089999909e+00
2.967059728390000206e+00,9.689913590885431693e-01,-6.640452966834978765e-01,1.641094892407630068e+00,2.923426497089999909e+00
2.967059728390000206e+00,9.723433292990851795e-01,-6.667620149630397730e-01,1.640459621588302941e+00,2.923426497089999909e+00
2.967059728390000206e+00,9.756920487262009667e-01,-6.694888922920455565e-01,1.639837760608779282e+00,2.923426497089999909e+00
2.967059728390000206e+00,9.790375424585840980e-01,-6.722259222067890061e-01,1.639229277914345362e+00,2.923426497089999909e+00
2.967059728390000206e+00,9.823798358503563755e-01,-6.749730986360462648e-01,1.638634142077329159e+00,2.923426497089999909e+00
2.967059728390000206e+00,9.857189545182774015e-01,-6.777304159038085585e-01,1.638052321802601741e+00,2.923426497089999909e+00
2.967059728390000206e+00,9.890549243390264200e-01,-6.804978687320106800e-01,1.637483785933025793e+00,2.923426497089999909e+00
2.967059728390000206e+00,9.923877714465564326e-01,-6.832754522432791244e-01,1.636928503454849526e+00,2.923426497089999909e+00
2.967059728390000206e+00,9.957175222295219230e-01,-6.860631619636989864e-01,1.636386443503045074e+00,2.923426497089999909e+00
2.967059728390000206e+00,9.990442033287767476e-01,-6.888609938256026188e-01,1.635857575366601591e+00,2.923426497089999909e+00
0.000000000000000000e+00,0.000000000000000000e+00,0.000000000000000000e+00,0.000000000000000000e+00,0.000000000000000000e+00
